Demo 1-------------------------

[1, 1, 1, 1, 1, 1, 1, 0, 0, 1, 0, 2, 2, 0, 2, 0, 2, 0, 2, 1, 0, 1, 1, 2, 0, 0, 1, 0, 1, 2, 0, 0, 0, 1, 0, 0, 0, 0, 0, 0, 1, 2, 0, 1, 0, 1, 0, 0, 0, 0, 0, 0, 0, 0, 0, 0, 0, 2, 0, 1, 1, 1, 0, 2, 1, 3, 0, 0, 1, 1, 2, 2, 0, 0, 0, 0, 1, 1, 3, 0, 0, 2, 2, 0, 0, 0, 0, 0, 0, 1, 0, 0, 0, 0, 1, 1, 1, 1, 0, 0, 1, 1, 0, 4, 1, 0, 0, 1, 0, 0, 0, 3, 1, 1, 0, 0, 0, 0, 0, 2, 0, 1, 2, 1, 0, 2, 0, 0, 0, 1, 0, 0, 0, 0, 1, 0, 1, 0, 2, 1, 1, 0, 0, 1, 0, 2, 0, 0, 1, 2, 0, 0, 0, 0, 1, 0, 0, 1, 0, 0, 0, 0, 0]
max #collisions: 4
Demo 2-------------------------

==================================================
capacity:   15
size:       8
0   :  (30,45); (45,68)
1   :  (76,72)
2   :  (2,35)
3   :  (3,68)
4   : 
5   : 
6   : 
7   : 
8   : 
9   : 
10  : 
11  : 
12  :  (12,67); (42,100); (72,23)
13  : 
14  : 
==================================================

